2.52.52.52.52.52.52.52.52.52.52.52.52.52.52.52.52.52.52.5--------------2023-05-20--------------
2.5
2.5
2.5
2.5
2.5
2.5
2.5
2.5
2.5
2.5
2.5
2.5
--------------2023-05-20--------------
2.5
2.5
2.5
2.5
2.5
2.5
2.5
2.5
2.5
2.5
2.5
2.5
2.5
2.5
2.5
2.5
2.5
2.5
2.5
2.5
2.5
2.5
--------------2023-05-20 11:05:12.180323--------------
2.5
2.5
2.5
2.5
2.5
2.5
2.5
2.5
2.5
2.5
2.5
2.5
2.5
2.5
2.5
2.5
2.5
2.5
2.5
2.5
2.5
2.5
2.5
--------------2023-05-20 12:08:48.201757--------------
2.5
2.5
2.5
2.5
2.5
2.5
2.5
2.5
--------------2023-05-20 14:19:57.984720--------------
5.5
5.5
5.5
5.5
5.5
5.5
5.5
5.5
5.5
5.5
5.5
5.5
5.5
5.5
5.5
5.5
5.5
5.5
5.5
5.5
5.5
5.5
5.5
5.5
5.5
5.5
5.5
5.5
5.5
5.5
5.5
5.5
5.5
5.5
5.5
5.5
5.5
5.5
5.5
5.5
5.5
5.5
5.5
5.0
5.0
5.0
5.0
5.0
5.0
5.0
5.0
5.0
5.0
5.0
5.0
5.0
5.0
5.0
5.0
5.0
5.0
5.0
5.0
5.0
5.0
5.0
5.0
5.0
5.0
5.0
5.0
5.0
5.0
5.0
5.0
5.0
5.0
5.0
5.0
5.0
5.0
5.0
5.0
--------------2023-05-20 14:21:39.939315--------------
5.0
5.0
5.0
5.0
5.0
5.0
5.0
5.0
5.0
5.0
5.0
5.0
5.0
5.0
5.0
5.0
5.0
5.0
5.0
5.0
5.0
5.0
5.0
5.0
5.0
5.0
5.0
5.0
5.0
5.0
5.0
5.0
5.0
5.0
5.0
5.0
5.0
5.0
5.0
5.0
5.0
5.0
5.0
5.0
5.0
5.0
5.0
5.0
5.0
5.0
5.0
5.0
5.0
5.0
5.0
5.0
5.0
5.0
4.5
4.5
4.5
4.5
4.5
4.5
4.5
4.5
4.5
4.5
4.5
4.5
4.5
4.5
4.5
4.5
4.5
4.5
4.5
4.5
4.5
4.5
4.5
4.5
4.5
4.5
4.5
4.5
4.5
4.5
4.5
4.5
4.5
4.5
4.5
4.5
4.5
4.5
4.5
4.5
4.5
4.5
4.5
4.5
4.5
4.5
4.5
4.5
4.5
4.5
4.5
4.5
4.5
4.5
4.5
4.5
4.5
4.5
4.5
4.5
4.5
4.5
4.5
4.5
4.5
4.5
4.5
4.5
4.5
4.5
4.5
4.5
4.5
4.5
4.5
4.5
4.5
4.5
4.5
4.5
4.5
4.5
4.5
4.5
4.5
4.5
4.5
4.5
4.5
4.5
4.5
4.5
4.5
4.5
4.5
4.5
4.5
4.5
4.5
4.5
4.5
4.5
4.5
4.5
4.5
4.5
4.5
4.5
4.5
4.5
4.5
4.5
4.5
4.5
4.5
4.5
4.5
4.5
4.5
4.5
4.5
4.5
4.5
4.5
4.5
4.5
4.5
4.5
4.5
4.5
4.5
4.5
4.5
4.5
4.5
4.5
4.5
4.5
4.5
4.5
4.5
4.5
4.5
4.5
4.5
4.5
4.5
4.5
4.5
4.5
4.5
4.5
4.5
4.5
4.5
4.5
4.5
4.5
4.5
4.5
4.5
4.5
4.5
4.5
4.5
4.5
4.5
4.5
4.5
4.5
4.5
4.5
4.5
4.5
4.5
4.5
4.5
4.5
4.5
4.5
4.5
4.5
4.5
4.5
4.5
4.5
4.5
4.5
4.5
4.5
4.5
4.5
4.5
4.5
4.5
4.5
4.5
4.5
4.5
4.5
4.5
4.5
4.5
4.5
4.5
4.5
4.5
4.5
4.5
4.5
4.5
4.5
4.5
4.5
4.5
4.5
4.5
--------------2023-05-20 14:23:34.781898--------------
4.0
4.0
4.0
4.0
4.0
4.0
4.0
4.0
4.0
4.0
4.0
4.0
4.0
4.0
4.0
4.0
4.0
4.0
4.0
4.0
4.0
4.0
4.0
4.0
4.0
4.0
4.0
4.0
4.0
4.0
4.0
4.0
4.0
4.0
4.5
4.5
4.5
4.5
4.5
4.5
4.5
4.5
4.5
4.5
4.5
4.5
4.5
4.5
4.5
4.5
4.5
4.5
4.5
4.5
4.5
4.5
4.5
4.5
4.5
4.5
4.5
4.5
4.5
4.5
4.5
4.5
4.5
4.5
4.5
4.5
4.5
4.5
4.5
4.5
4.5
4.5
4.5
4.5
4.5
4.5
4.5
4.5
4.5
5.0
5.0
5.0
5.0
5.0
5.0
5.0
5.0
5.0
5.0
5.0
5.0
5.0
5.0
5.0
5.0
5.0
5.0
5.0
5.0
5.0
5.0
5.0
5.0
5.0
5.5
5.5
5.5
5.5
5.5
5.5
5.5
5.5
5.5
5.5
5.5
5.5
5.5
5.5
5.5
5.5
5.5
5.5
5.5
5.5
5.5
5.5
5.5
5.5
5.5
7.000000000000001
7.000000000000001
7.000000000000001
7.000000000000001
7.000000000000001
7.000000000000001
7.000000000000001
7.000000000000001
7.000000000000001
7.000000000000001
7.000000000000001
7.000000000000001
7.000000000000001
7.000000000000001
7.000000000000001
7.000000000000001
7.000000000000001
7.000000000000001
7.000000000000001
7.000000000000001
7.000000000000001
7.000000000000001
7.000000000000001
7.000000000000001
8.0
8.0
8.0
--------------2023-05-20 14:25:06.033214--------------
14.499999999999998
14.499999999999998
14.499999999999998
16.5
16.5
16.5
16.5
16.5
16.5
16.5
16.5
16.5
16.5
16.5
16.5
16.5
16.5
16.5
16.5
16.5
16.5
16.5
16.5
16.5
16.5
16.5
16.5
16.0
--------------2023-05-20 14:25:59.417411--------------
15.5
15.5
15.5
15.5
15.5
15.5
15.5
15.5
15.5
15.5
15.5
15.5
15.5
15.5
15.5
15.5
15.5
15.5
15.5
15.5
15.5
15.5
15.5
15.5
15.5
15.5
15.5
15.5
15.5
15.5
15.5
15.5
15.5
15.5
15.5
15.5
15.5
15.5
15.5
15.5
15.5
15.5
15.5
15.5
15.5
15.5
15.5
15.5
15.5
15.5
--------------2023-05-20 14:27:19.391199--------------
14.499999999999998
14.499999999999998
14.499999999999998
14.499999999999998
14.499999999999998
14.499999999999998
14.499999999999998
14.499999999999998
14.499999999999998
14.499999999999998
14.499999999999998
15.0
15.0
15.0
15.0
15.0
15.0
15.0
15.0
15.0
15.0
15.0
15.0
15.0
15.0
15.0
15.0
15.0
15.0
15.0
15.0
15.0
15.0
15.0
15.0
15.0
15.0
15.0
15.0
15.0
15.0
15.0
15.0
15.0
15.0
15.0
15.0
15.0
15.0
15.0
15.0
15.0
15.0
15.0
15.0
15.0
15.0
15.0
15.0
15.0
16.5
16.5
16.5
16.5
16.5
16.5
16.5
16.5
16.5
16.5
16.5
16.5
16.5
16.5
16.5
16.5
16.5
16.5
16.5
16.5
16.5
16.5
16.5
16.5
16.5
17.5
17.5
17.5
17.5
17.5
17.5
17.5
17.5
17.5
17.5
17.5
17.5
17.5
17.5
17.5
17.5
17.5
17.5
17.5
17.5
17.5
17.5
17.5
17.5
18.5
18.5
18.5
18.5
18.5
18.5
18.5
18.5
18.5
18.5
18.5
18.5
18.5
18.5
18.5
18.5
18.5
18.5
18.5
18.5
18.5
18.5
18.5
18.5
18.5
19.0
19.0
19.0
19.0
19.0
19.0
19.0
19.0
19.0
19.0
19.0
19.0
19.0
19.0
19.0
19.0
19.0
19.0
19.0
19.0
19.0
19.0
19.0
19.0
20.0
20.0
20.0
20.0
20.0
20.0
20.0
20.0
20.0
20.0
20.0
20.0
20.0
20.0
20.0
20.0
20.0
20.0
20.0
20.0
20.0
20.0
20.0
20.0
20.0
21.0
21.0
21.0
21.0
21.0
21.0
21.0
21.0
21.0
21.0
21.0
21.0
21.0
21.0
21.0
21.0
21.0
21.0
21.0
21.0
21.0
21.0
21.0
21.0
21.0
22.0
22.0
22.0
22.0
22.0
22.0
22.0
22.0
22.0
22.0
22.0
22.0
22.0
22.0
22.0
22.0
22.0
22.0
22.0
22.0
22.0
22.0
22.0
22.0
22.5
22.5
22.5
22.5
22.5
22.5
22.5
22.5
22.5
22.5
22.5
22.5
22.5
22.5
22.5
22.5
22.5
22.5
22.5
22.5
22.5
22.5
22.5
22.5
22.5
23.0
23.0
23.0
23.0
23.0
23.0
23.0
23.0
23.0
23.0
23.0
23.0
23.0
23.0
23.0
23.0
23.0
23.0
23.0
23.0
23.0
23.0
23.0
23.0
23.5
23.5
23.5
23.5
23.5
23.5
23.5
23.5
23.5
23.5
23.5
23.5
23.5
23.5
23.5
23.5
23.5
23.5
23.5
23.5
23.5
23.5
23.5
23.5
23.5
25.0
25.0
25.0
25.0
25.0
25.0
25.0
25.0
25.0
25.0
25.0
25.0
25.0
25.0
25.0
25.0
25.0
25.0
25.0
25.0
25.0
25.0
25.0
25.0
25.0
25.0
25.0
25.0
25.0
25.0
25.0
25.0
25.0
25.0
25.0
25.0
25.0
25.0
25.0
25.0
25.0
25.0
25.0
25.0
25.0
25.0
25.0
25.0
26.0
26.0
26.0
26.0
26.0
26.0
26.0
26.0
26.0
26.0
26.0
26.0
26.0
26.0
26.0
26.0
26.0
26.0
26.0
26.0
26.0
26.0
26.0
26.0
26.0
26.5
26.5
26.5
26.5
26.5
26.5
26.5
26.5
26.5
26.5
26.5
26.5
26.5
26.5
26.5
26.5
26.5
26.5
26.5
26.5
26.5
26.5
26.5
26.5
26.5
27.500000000000004
27.500000000000004
27.500000000000004
27.500000000000004
27.500000000000004
27.500000000000004
27.500000000000004
27.500000000000004
27.500000000000004
27.500000000000004
27.500000000000004
27.500000000000004
27.500000000000004
27.500000000000004
27.500000000000004
27.500000000000004
27.500000000000004
27.500000000000004
27.500000000000004
27.500000000000004
27.500000000000004
27.500000000000004
27.500000000000004
27.500000000000004
28.000000000000004
28.000000000000004
28.000000000000004
28.000000000000004
28.000000000000004
28.000000000000004
28.000000000000004
28.000000000000004
28.000000000000004
28.000000000000004
28.000000000000004
28.000000000000004
28.000000000000004
28.000000000000004
28.000000000000004
28.000000000000004
28.000000000000004
28.000000000000004
28.000000000000004
28.000000000000004
28.000000000000004
28.000000000000004
28.000000000000004
28.000000000000004
28.000000000000004
28.000000000000004
28.000000000000004
28.000000000000004
28.000000000000004
28.000000000000004
28.000000000000004
28.000000000000004
28.000000000000004
28.000000000000004
28.000000000000004
28.000000000000004
28.000000000000004
28.000000000000004
28.000000000000004
28.000000000000004
28.000000000000004
28.000000000000004
28.000000000000004
28.000000000000004
28.000000000000004
28.000000000000004
28.000000000000004
28.000000000000004
28.000000000000004
28.499999999999996
28.499999999999996
28.499999999999996
28.499999999999996
28.499999999999996
28.499999999999996
28.499999999999996
28.499999999999996
28.499999999999996
28.499999999999996
28.499999999999996
28.499999999999996
28.499999999999996
28.499999999999996
28.499999999999996
28.499999999999996
28.499999999999996
28.499999999999996
28.499999999999996
28.499999999999996
28.499999999999996
28.499999999999996
28.499999999999996
28.499999999999996
28.499999999999996
28.499999999999996
28.499999999999996
28.499999999999996
28.499999999999996
28.499999999999996
28.499999999999996
28.499999999999996
28.499999999999996
28.499999999999996
28.499999999999996
28.499999999999996
28.499999999999996
28.499999999999996
28.499999999999996
28.499999999999996
28.499999999999996
28.499999999999996
28.499999999999996
28.499999999999996
28.499999999999996
28.499999999999996
28.499999999999996
28.499999999999996
28.499999999999996
28.499999999999996
28.499999999999996
28.499999999999996
28.499999999999996
28.499999999999996
28.499999999999996
28.499999999999996
28.499999999999996
28.499999999999996
28.499999999999996
28.499999999999996
28.499999999999996
28.499999999999996
28.499999999999996
28.499999999999996
28.499999999999996
28.499999999999996
28.499999999999996
28.499999999999996
28.499999999999996
28.499999999999996
28.499999999999996
28.499999999999996
28.499999999999996
28.499999999999996
28.499999999999996
28.000000000000004
28.000000000000004
28.000000000000004
28.000000000000004
28.000000000000004
28.000000000000004
28.000000000000004
28.000000000000004
28.000000000000004
28.000000000000004
28.000000000000004
28.000000000000004
28.000000000000004
28.000000000000004
28.000000000000004
28.000000000000004
28.000000000000004
28.000000000000004
28.000000000000004
28.000000000000004
28.000000000000004
28.000000000000004
28.000000000000004
28.000000000000004
28.000000000000004
28.000000000000004
28.000000000000004
28.000000000000004
28.000000000000004
28.000000000000004
28.000000000000004
28.000000000000004
28.000000000000004
28.000000000000004
28.000000000000004
28.000000000000004
28.000000000000004
28.000000000000004
28.000000000000004
28.000000000000004
28.000000000000004
28.000000000000004
28.000000000000004
28.000000000000004
28.000000000000004
28.000000000000004
28.000000000000004
28.000000000000004
28.000000000000004
28.000000000000004
28.000000000000004
28.000000000000004
28.000000000000004
28.000000000000004
28.000000000000004
28.000000000000004
28.000000000000004
28.000000000000004
28.000000000000004
28.000000000000004
28.000000000000004
28.000000000000004
28.000000000000004
28.000000000000004
28.000000000000004
28.000000000000004
28.000000000000004
28.000000000000004
28.000000000000004
28.000000000000004
28.000000000000004
28.000000000000004
28.000000000000004
28.000000000000004
27.500000000000004
27.500000000000004
27.500000000000004
27.500000000000004
27.500000000000004
27.500000000000004
27.500000000000004
27.500000000000004
27.500000000000004
27.500000000000004
27.500000000000004
27.500000000000004
27.500000000000004
27.500000000000004
27.500000000000004
27.500000000000004
27.500000000000004
27.500000000000004
27.500000000000004
27.500000000000004
27.500000000000004
27.500000000000004
27.500000000000004
27.500000000000004
27.500000000000004
27.500000000000004
27.500000000000004
27.500000000000004
27.500000000000004
27.500000000000004
27.500000000000004
27.500000000000004
27.500000000000004
27.500000000000004
27.500000000000004
27.500000000000004
27.500000000000004
27.500000000000004
27.500000000000004
27.500000000000004
27.500000000000004
27.500000000000004
27.500000000000004
27.500000000000004
27.500000000000004
27.500000000000004
27.500000000000004
27.500000000000004
27.500000000000004
27.500000000000004
27.500000000000004
27.500000000000004
27.500000000000004
27.500000000000004
27.500000000000004
27.500000000000004
27.500000000000004
27.500000000000004
27.500000000000004
27.500000000000004
27.500000000000004
27.500000000000004
27.500000000000004
27.500000000000004
27.500000000000004
27.500000000000004
27.500000000000004
27.500000000000004
27.500000000000004
27.500000000000004
27.500000000000004
27.500000000000004
27.500000000000004
27.500000000000004
27.500000000000004
27.0
27.0
27.0
27.0
27.0
27.0
27.0
27.0
27.0
27.0
27.0
27.0
27.0
27.0
27.0
27.0
27.0
27.0
27.0
27.0
27.0
27.0
27.0
27.0
27.0
27.0
27.0
27.0
27.0
27.0
27.0
27.0
27.0
27.0
27.0
27.0
27.0
27.0
27.0
27.0
27.0
27.0
27.0
27.0
27.0
27.0
27.0
27.0
27.0
27.0
27.0
27.0
27.0
27.0
27.0
27.0
27.0
27.0
27.0
27.0
27.0
27.0
27.0
27.0
27.0
27.0
27.0
27.0
27.0
27.0
27.0
27.0
27.0
27.0
27.0
27.0
27.0
27.0
27.0
27.0
27.0
27.0
27.0
27.0
27.0
27.0
27.0
27.0
27.0
27.0
27.0
27.0
27.0
27.0
27.0
27.0
27.0
27.0
27.0
27.0
26.5
26.5
26.5
26.5
26.5
26.5
26.5
26.5
26.5
26.5
26.5
26.5
26.5
26.5
26.5
26.5
26.5
26.5
26.5
26.5
26.5
26.5
26.5
26.5
26.5
26.5
26.5
26.5
26.5
26.5
26.5
26.5
26.5
26.5
26.5
26.5
26.5
26.5
26.5
26.5
26.5
26.5
26.5
26.5
26.5
26.5
26.5
26.5
26.5
26.5
26.5
26.5
26.5
26.5
26.5
26.5
26.5
26.5
26.5
26.5
26.5
26.5
26.5
26.5
26.5
26.5
26.5
26.5
26.5
26.5
26.5
26.5
26.5
26.5
26.0
26.0
26.0
26.0
26.0
26.0
26.0
26.0
26.0
26.0
26.0
26.0
26.0
26.0
26.0
26.0
26.0
26.0
26.0
26.0
26.0
26.0
26.0
26.0
26.0
26.0
26.0
26.0
26.0
26.0
26.0
26.0
26.0
26.0
26.0
26.0
26.0
26.0
26.0
26.0
26.0
26.0
26.0
26.0
26.0
26.0
26.0
26.0
26.0
26.0
26.0
26.0
26.0
26.0
26.0
26.0
26.0
26.0
26.0
26.0
26.0
26.0
26.0
26.0
26.0
26.0
26.0
26.0
26.0
26.0
26.0
26.0
26.0
26.0
26.0
26.0
26.0
26.0
26.0
26.0
26.0
26.0
26.0
26.0
26.0
26.0
26.0
26.0
26.0
26.0
26.0
26.0
26.0
26.0
26.0
26.0
26.0
26.0
26.0
26.0
25.5
25.5
25.5
25.5
25.5
25.5
25.5
25.5
25.5
25.5
25.5
25.5
25.5
25.5
25.5
25.5
25.5
25.5
25.5
25.5
25.5
25.5
25.5
25.5
25.5
25.5
25.5
25.5
25.5
25.5
25.5
25.5
25.5
25.5
25.5
25.5
25.5
25.5
25.5
25.5
25.5
25.5
25.5
25.5
25.5
25.5
25.5
25.5
25.5
25.5
25.5
25.5
25.5
25.5
25.5
25.5
25.5
25.5
25.5
25.5
25.5
25.5
25.5
25.5
25.5
25.5
25.5
25.5
25.5
25.5
25.5
25.5
25.5
25.5
25.0
25.0
25.0
25.0
25.0
25.0
25.0
25.0
25.0
25.0
25.0
25.0
25.0
25.0
25.0
25.0
25.0
25.0
25.0
25.0
25.0
25.0
25.0
25.0
25.0
25.0
25.0
25.0
25.0
25.0
25.0
25.0
25.0
25.0
25.0
25.0
25.0
25.0
25.0
25.0
25.0
25.0
25.0
25.0
25.0
25.0
25.0
25.0
25.0
25.0
25.0
25.0
25.0
25.0
25.0
25.0
25.0
25.0
25.0
25.0
25.0
25.0
25.0
25.0
25.0
25.0
25.0
25.0
25.0
25.0
25.0
25.0
25.0
25.0
25.0
25.0
25.0
25.0
25.0
25.0
25.0
25.0
25.0
25.0
25.0
25.0
25.0
25.0
25.0
25.0
25.0
25.0
25.0
25.0
25.0
25.0
25.0
25.0
25.0
25.0
24.5
24.5
24.5
24.5
24.5
24.5
24.5
24.5
24.5
24.5
24.5
24.5
24.5
24.5
24.5
24.5
24.5
24.5
24.5
24.5
24.5
24.5
24.5
24.5
24.5
24.5
24.5
24.5
24.5
24.5
24.5
24.5
24.5
24.5
24.5
24.5
24.5
24.5
24.5
24.5
24.5
24.5
24.5
24.5
--------------2023-05-20 15:06:46.235678--------------
2.5
1.0
0.5
--------------2023-05-20 15:07:24.244651--------------
61.1
54.8
52.0
77.3
100.0
99.0
96.5
99.0
95.5
98.5
92.6
55.8
100.0
100.0
97.5
98.5
99.0
98.5
99.5
61.0
87.0
100.0
99.5
96.5
99.5
97.0
99.0
81.0
67.0
100.0
99.5
98.0
98.5
100.0
99.5
99.0
53.0
95.5
99.5
98.5
99.0
99.0
99.0
99.0
68.5
79.0
100.0
98.5
97.5
99.0
98.5
99.0
89.1
57.6
100.0
100.0
97.0
98.0
98.5
98.0
99.0
62.1
87.0
100.0
98.0
98.0
99.0
98.0
99.0
81.4
68.5
100.0
100.0
97.0
99.0
99.5
98.0
99.0
53.0
96.0
100.0
99.5
98.5
98.0
99.0
99.0
73.0
75.4
100.0
99.5
99.5
99.0
98.5
99.0
89.4
61.5
100.0
98.5
99.0
98.5
99.0
86.5
48.5
1.0
0.5
5.6
8.0
0.5
