0.00023142399999998010.00078438399999997130.00076390399999998190.00102604800000000160.00102604800000000160.00128000000000000340.00087859200000001140.00020684799999998170.00020684799999998170.000460799999999983450.00058777599999998430.00071475199999998520.00150118399999998870.00164044800000001660.0017428480000000190.0018616320000000020.0018616320000000020.00102604800000000160.0007024640000000137--------------2023-05-20--------------
-0.00023551999999998907
-0.00023551999999998907
-0.00026009599999998745
-0.00026009599999998745
-0.0008376319999999771
-0.0006778879999999599
-0.0006778879999999599
-0.0006901759999999868
-0.0005386239999999876
-0.000948223999999942
-0.0008212479999999411
-0.0008212479999999411
--------------2023-05-20--------------
0.0009256959999999759
0.0009789439999999816
0.0010977279999999645
0.0010977279999999645
0.0012287999999999744
0.0010485759999999678
0.0013025279999999695
0.0006471679999999758
0.0007741439999999766
0.001921023999999938
0.0012943359999999515
0.0012943359999999515
0.0015810559999999696
0.0018186239999999354
0.0017367039999999778
0.0015278079999999639
0.0007372799999999513
0.00022527999999993886
0.0002416639999999748
0.00029081599999997154
-0.00037273600000004015
-0.00037273600000004015
--------------2023-05-20 11:05:12.180323--------------
0.0007925760000000448
0.00038297600000003484
0.0005017600000000177
0.0005017600000000177
-9.215999999995228e-05
-0.0005345279999999786
-0.0004075519999999777
-0.0004075519999999777
-0.00017817599999997435
-4.3007999999955526e-05
8.396800000004534e-05
0.0002109440000000462
0.00033792000000004707
0.00018227200000003885
-0.00020275199999997273
-0.00029695999999995726
-0.0001699839999999564
-0.0001699839999999564
-4.3007999999955526e-05
-4.3007999999955526e-05
8.396800000004534e-05
0.0013578240000000075
0.0013824000000000058
--------------2023-05-20 12:08:48.201757--------------
0
0
0
0
0
0
0
0
--------------2023-05-20 14:19:57.984720--------------
1
1
0
0
0
1
1
1
1
1
0
0
1
1
1
1
1
1
1
1
-30
-30
-30
-30
-30
-30
-29
-29
-29
-29
-28
-28
-28
-28
-31
-31
-31
-31
-31
-31
-31
-31
-31
-31
-31
-31
-31
-31
-30
-30
-30
-30
-30
-30
-30
-30
-30
-30
-30
-30
-30
-30
-30
-30
-30
-29
-30
-30
-31
-30
-30
-30
-31
-31
-31
-31
-29
-29
-30
-30
-29
-29
-29
--------------2023-05-20 14:21:39.939315--------------
-581139646
-581139646
-581139646
-581139646
-581139646
-581139644
-581139645
-581139643
-581139644
-581139644
-581139644
-581139644
-581139644
-581139644
-581139644
-581139645
-581139646
-581139647
-581139646
-581139646
-581139646
-581139646
-581139647
-581139647
-581139647
-581139647
-581139647
-581139647
-581139648
-581139648
-581139647
-581139647
-581139646
-581139647
-581139646
-581139646
-581139646
-581139646
-581139646
-581139646
-581139646
-581139646
-581139645
-581139644
-581139644
-581139644
-581139644
-581139645
-581139645
-581139645
-581139645
-581139644
-581139644
-581139645
-581139645
-581139645
-581139645
-581139645
-581139646
-581139646
-581139646
-581139646
-581139646
-581139646
-581139646
-581139646
-581139644
-581139645
-581139645
-581139644
-581139644
-581139644
-581139644
-581139645
-581139645
-581139645
-581139645
-581139645
-581139645
-581139645
-581139644
-581139644
-581139644
-581139644
-581139644
-581139644
-581139644
-581139644
-581139644
-581139644
-581139644
-581139643
-581139643
-581139643
-581139643
-581139645
-581139645
-581139645
-581139645
-581139645
-581139645
-581139645
-581139645
-581139645
-581139644
-581139644
-581139644
-581139644
-581139644
-581139644
-581139644
-581139644
-581139645
-581139645
-581139645
-581139645
-581139644
-581139644
-581139644
-581139644
-581139644
-581139644
-581139644
-581139644
-581139644
-581139644
-581139644
-581139644
-581139644
-581139644
-581139643
-581139644
-581139644
-581139644
-581139644
-581139644
-581139644
-581139645
-581139645
-581139645
-581139646
-581139646
-581139645
-581139645
-581139645
-581139645
-581139645
-581139645
-581139645
-581139645
-581139645
-581139645
-581139645
-581139645
-581139645
-581139644
-581139644
-581139644
-581139644
-581139644
-581139644
-581139645
-581139645
-581139645
-581139645
-581139644
-581139643
-581139644
-581139644
-581139644
-581139644
-581139644
-581139644
-581139644
-581139644
-581139644
-581139644
-581139644
-581139645
-581139645
-581139644
-581139644
-581139644
-581139644
-581139644
-581139644
-581139644
-581139644
-581139644
-581139644
-581139644
-581139643
-581139643
-581139643
-581139643
-581139643
-581139644
-581139644
-581139644
-581139644
-581139644
-581139644
-581139644
-581139644
-581139644
-581139643
-581139643
-581139643
-581139642
-581139642
-581139643
-581139643
-581139643
-581139643
-581139644
-581139644
-581139643
-581139643
-581139643
-581139643
-581139643
-581139644
-581139645
-581139645
-581139645
-581139645
-581139645
-581139645
-581139645
-581139644
-581139644
-581139645
-581139645
-581139645
-581139645
-581139645
-581139645
-581139645
-581139645
-581139645
-581139645
-581139644
-581139644
-581139644
-581139644
-581139644
-581139644
-581139644
-581139644
-581139644
-581139645
-581139644
-581139644
-581139644
-581139644
-581139644
-581139644
-581139644
-581139644
-581139644
-581139645
-581139645
-581139645
-581139644
-581139644
-581139643
-581139643
-581139643
-581139644
-581139644
-581139644
-581139644
-581139644
-581139644
-581139644
--------------2023-05-20 14:23:34.781898--------------
-582908822
-582908822
-582908730
-582909254
-582909254
-582908231
-582908113
-582908289
-582907102
-582907207
-582907207
-582907312
-582907312
-582907199
-582908247
-582908117
-582908780
-582905500
-582908029
-582907899
-582908004
-582907899
-582907882
-582908017
-582908017
-582908017
-582908679
-582910659
-582994822
-582995728
-582994847
-582994176
-582994239
-582994239
-582994134
-582994726
-582995850
-582994835
-582994705
-582994826
-582994696
-582989369
-582973356
-582947267
-582925654
-582910659
-582895186
-582886944
-582872747
-582869702
-582856519
-582852358
-582849888
-582846117
-582841759
-582834453
-582829352
-582823321
-582816820
-582812529
-582798575
-582774927
-582731717
-582688508
-582647185
-582604236
-582561026
-582479443
-582414238
-582354998
-582314938
-582293073
-582235141
-582077360
-582119643
-582119643
-582100420
-582260852
-582276317
-582100185
-582194331
-582313629
-582288648
-582289101
-582236135
-582068049
-582068099
-582150970
-582150970
-582398858
-582341396
-582186072
-582226430
-582346433
-582156863
-582112949
-582112739
-582112202
-582399524
-582399524
-582399524
-582399705
-582399575
-582647261
-582603984
-582569486
-582525643
-582482563
-582439475
-582385268
-582353161
-582290233
-582232579
-582232449
-582232449
-582071714
-582062881
-582063779
-582063871
-582287918
-582226295
-582043688
-582110839
-582289919
-582263499
-582254846
-582236496
-582068409
-582068279
-582148399
-582149078
-582397637
-582346173
-582156506
-582214384
-582372920
-582164648
-582086558
-582086298
-582086290
-582372954
-582371683
-582371683
-582371473
-582371343
-582640168
-582600096
-582555091
-582509994
-582469062
-582428260
-582385960
-582308525
-582260479
-582259414
-582259368
-582259238
-582091667
-582091268
-582091793
--------------2023-05-20 14:25:06.033214--------------
-1250500
-1250214
-1250285
-1250500
-1250474
-1250472
-1250472
-1250367
-1250303
-1250386
-1250386
-1250552
-1250555
-1250255
-1250341
-1250611
-1250457
-1250315
-1250315
-1250315
-1250996
-1251205
-1251205
-1251205
-1251205
-1251205
-1251205
-1251205
--------------2023-05-20 14:25:59.417411--------------
0
0
0
0
0
0
0
1
1
1
1
0
0
1
0
0
1
0
0
1
1
1
0
0
0
0
0
0
0
0
0
0
1
0
0
0
0
0
0
0
0
0
0
0
0
0
0
0
0
-1
--------------2023-05-20 14:27:19.391199--------------
288
334
377
420
483
540
649
626
667
704
818
819
819
651
698
773
891
888
702
705
703
703
818
734
734
569
566
673
779
545
644
835
799
799
512
511
511
511
511
511
282
326
370
415
454
497
553
616
704
704
706
713
873
873
873
639
644
786
894
679
685
696
705
737
873
790
790
595
595
826
811
546
673
826
827
827
540
540
540
540
540
253
295
336
402
442
485
528
580
622
704
704
704
773
873
873
873
645
688
892
810
634
682
698
704
854
872
789
789
593
648
808
759
562
762
836
836
836
549
549
549
549
549
280
320
363
406
452
494
532
605
704
677
691
704
859
791
790
813
648
671
836
800
676
676
676
676
844
844
761
593
593
695
808
774
588
793
836
836
549
549
550
550
550
550
293
334
374
418
460
501
544
641
676
676
676
676
844
846
846
679
679
786
894
679
678
677
703
782
871
789
789
541
540
818
755
593
738
826
826
826
539
540
540
540
541
253
299
342
384
432
503
552
593
616
686
710
739
789
846
846
846
693
644
846
837
620
675
689
703
772
870
787
786
591
592
879
680
591
726
852
853
853
565
565
566
566
565
280
324
367
412
452
496
536
612
679
679
679
705
777
792
793
804
651
624
937
753
678
678
678
677
839
847
762
761
593
640
808
755
558
758
837
837
836
549
550
550
550
550
280
323
382
425
468
508
574
596
678
706
707
706
874
875
874
635
678
780
894
894
679
679
679
712
849
764
764
596
596
812
811
542
683
785
786
787
499
499
499
498
497
498
256
299
342
407
451
493
555
629
678
678
678
767
845
845
845
676
696
893
797
622
676
676
703
843
871
787
787
538
558
779
703
565
733
851
851
851
564
564
564
565
565
288
329
373
414
457
500
541
586
650
677
677
677
831
846
844
844
677
729
891
845
674
675
675
701
869
872
788
540
539
679
754
583
689
826
826
826
539
538
538
538
538
251
292
334
375
409
452
499
572
607
674
674
728
744
896
896
896
728
700
921
915
621
647
647
701
821
869
787
787
539
559
753
685
592
767
827
827
827
541
541
541
541
541
254
302
342
383
428
480
560
602
605
642
759
759
759
625
645
731
560
604
647
727
738
672
559
559
709
474
570
677
677
449
450
450
450
449
221
-50
-50
-50
-50
-50
-49
-50
-50
-50
-50
-50
-50
-50
-51
-51
-51
-51
-51
-51
-51
-51
-51
-51
-51
-50
-49
-49
-49
-49
-50
-49
-49
-49
-49
-49
-49
-49
-49
-49
-49
-49
-49
-49
-49
-49
-50
-50
-50
-50
-50
-50
-50
-50
-50
-49
-48
-48
-49
-49
-48
-48
-48
-49
-49
-49
-49
-49
-49
-48
-48
-48
-49
-48
-48
-48
-49
-49
-49
-49
-49
-50
-50
-50
-50
-50
-50
-50
-50
-50
-50
-50
-50
-49
-50
-50
-49
-49
-49
-49
-49
-49
-49
-49
-49
-50
-49
-49
-49
-49
-49
-49
-49
-49
-49
-49
-49
-49
-48
-48
-48
-48
-48
-48
-48
-48
-48
-49
-48
-48
-48
-48
-48
-48
-48
-48
-48
-48
-48
-48
-48
-48
-48
-48
-49
-49
-49
-49
-49
-49
-49
-49
-49
-49
-49
-49
-48
-48
-48
-47
-47
-48
-48
-48
-48
-49
-49
-49
-49
-49
-49
-49
-49
-49
-48
-49
-48
-48
-48
-48
-48
-47
-47
-47
-47
-47
-47
-47
-48
-48
-48
-48
-49
-49
-49
-50
-50
-50
-50
-50
-50
-50
-49
-50
-50
-50
-49
-48
-48
-48
-48
-49
-49
-49
-48
-48
-48
-48
-48
-49
-49
-49
-49
-49
-49
-49
-49
-49
-49
-49
-48
-48
-48
-48
-48
-48
-49
-49
-49
-49
-49
-49
-49
-49
-49
-49
-49
-49
-49
-49
-49
-49
-50
-49
-50
-48
-48
-48
-48
-48
-48
-49
-49
-49
-49
-49
-48
-48
-48
-48
-48
-48
-48
-48
-48
-48
-48
-48
-48
-48
-47
-46
-47
-47
-47
-47
-48
-48
-48
-48
-48
-48
-48
-48
-49
-49
-49
-49
-49
-48
-48
-48
-48
-48
-48
-47
-47
-47
-47
-48
-48
-48
-48
-48
-48
-49
-48
-48
-49
-49
-49
-49
-49
-49
-49
-49
-49
-49
-49
-49
-48
-49
-49
-49
-49
-49
-49
-49
-49
-49
-49
-49
-49
-49
-49
-48
-48
-48
-49
-49
-49
-49
-48
-49
-49
-48
-47
-47
-47
-47
-48
-48
-48
-49
-49
-48
-48
-47
-48
-48
-48
-48
-48
-48
-48
-48
-48
-48
-48
-48
-46
-46
-46
-47
-46
-47
-48
-47
-47
-47
-48
-48
-48
-48
-48
-48
-48
-48
-48
-48
-48
-48
-48
-48
-47
-47
-46
-47
-47
-47
-49
-49
-49
-48
-48
-48
-48
-48
-48
-48
-48
-48
-48
-48
-48
-48
-48
-48
-47
-46
-48
-47
-47
-47
-47
-47
-48
-48
-48
-48
-47
-48
-48
-49
-49
-49
-49
-49
-49
-49
-49
-50
-50
-49
-48
-48
-48
-48
-48
-48
-48
-48
-48
-49
-48
-48
-48
-48
-48
-48
-49
-48
-48
-48
-48
-48
-48
-48
-48
-47
-47
-47
-48
-48
-48
-48
-48
-48
-48
-48
-48
-48
-48
-48
-48
-48
-48
-48
-48
-48
-48
-48
-48
-48
-46
-46
-46
-46
-46
-47
-47
-47
-48
-48
-48
-48
-48
-48
-48
-48
-48
-48
-48
-48
-47
-47
-47
-47
-47
-47
-48
-48
-48
-48
-48
-48
-48
-48
-48
-48
-48
-48
-48
-48
-48
-48
-48
-48
-48
-47
-48
-48
-48
-48
-47
-47
-47
-47
-47
-47
-47
-47
-47
-47
-47
-48
-48
-48
-48
-49
-48
-49
-49
-49
-50
-49
-49
-49
-49
-48
-48
-48
-48
-47
-46
-46
-45
-45
-45
-45
-45
-45
-45
-45
-45
-44
-44
-44
-44
-44
-44
-44
-44
-44
-45
-44
-44
-44
-44
-44
-44
-44
-44
-44
-44
-44
-44
-44
-44
-44
-44
-45
-45
-45
-45
-45
-44
-44
-44
-43
-43
-43
-43
-43
-43
-43
-43
-43
-43
-43
-43
-43
-43
-42
-42
-42
-42
-42
-42
-41
-42
-42
-42
-41
-41
-41
-41
-42
-42
-42
-42
-42
-42
-42
-42
-42
-41
-42
-42
-42
-42
-42
-42
-42
-43
-43
-43
-44
-42
-42
-42
-42
-42
-43
-43
-43
-43
-43
-42
-42
-42
-42
-42
-42
-42
-42
-42
-42
-42
-42
-42
-42
-42
--------------2023-05-20 15:06:46.235678--------------
0
0
0
--------------2023-05-20 15:07:24.244651--------------
119
142
174
305
619
870
718
706
836
667
591
344
554
754
685
727
894
804
885
599
474
747
922
941
725
644
823
548
329
575
781
754
725
758
822
876
587
495
725
893
913
894
749
885
599
424
679
894
779
752
591
663
615
357
570
757
682
725
893
857
836
548
441
685
895
888
729
645
815
599
377
623
776
711
726
813
843
877
588
486
701
896
870
894
742
835
547
366
643
897
779
729
645
667
602
347
580
804
576
761
608
497
-2
-2
-3
0
-2
-3
